            CPU0       CPU1       CPU2       CPU3       CPU4       CPU5       CPU6       CPU7       CPU8       CPU9       CPU10      CPU11      CPU12      CPU13      CPU14      CPU15      CPU16      CPU17      CPU18      CPU19      
   8:          0          0          0          0          0          0          0          0          0          0          0          0          0          0          0          0          0          0          0          0  IR-IO-APIC    8-edge      rtc0
   9:          0          0          0          0          0          0          0          0          0          0          0          0          0          0          0          0          0          0          0          0  IR-IO-APIC    9-fasteoi   acpi
  17:          0       1061          0          0          0          0          0          0          0          0          0          0          0          0          0          0          0          0          0          0  IR-IO-APIC   17-fasteoi   snd_hda_intel:card1
  18:          0          0          0          0          0          0          0          0          0          0          0          0          0          0          0          0          0          0          0          0  IR-IO-APIC   18-fasteoi   i801_smbus
  19:          0          0          0          0          0          0         15          0          0          0          0          0          0          0          0          0          0         18          0          0  IR-IO-APIC   19-fasteoi 
  27:          0          0          0          0          0          0          0          0          0          0          0          0          0          0          0          0          0          0          0          0  IR-IO-APIC   27-fasteoi   idma64.0, i2c_designware.0
 120:          0          0          0          0          0          0          0          0          0          0          0          0          0          0          0          0          0          0          0          0  DMAR-MSI    0-edge      dmar0
 121:          0          0          0          0          0          0          0          0          0          0          0          0          0          0          0          0          0          0          0          0  IR-PCI-MSI-0000:00:01.0    0-edge      PCIe PME
 122:          0          0          0          0          0          0          0          0          0          0          0          0          0          0          0          0          0          0          0          0  IR-PCI-MSI-0000:00:1b.0    0-edge      PCIe PME
 123:          0          0          0          0          0          0          0          0          0          0          0          0          0          0          0          0          0          0          0          0  IR-PCI-MSI-0000:00:1b.4    0-edge      PCIe PME
 124:          0          0          0          0          0          0          0          0          0          0          0          0          0          0          0          0          0          0          0          0  IR-PCI-MSI-0000:00:1c.0    0-edge      PCIe PME
 125:          0          0          0          0          0          0          0          0          0          0          0          0          0          0          0          0          0          0          0          0  IR-PCI-MSI-0000:00:1c.1    0-edge      PCIe PME
 126:          0          0          0          0          0          0          0          0          0          0          0          0          0          0          0          0          0          0          0          0  IR-PCI-MSI-0000:00:1c.4    0-edge      PCIe PME
 127:          0          0          0          0          0          0          0          0          0          0          0          0          0          0          0          0          0          0          0          0  IR-PCI-MSI-0000:00:1c.7    0-edge      PCIe PME
 128:      23838          0          0         30          0          0         25         45          0          0          0          0          0          0          0          0          0          0          7          0  IR-PCI-MSI-0000:00:1f.6    0-edge      enp0s31f6
 129:          0          0     350759     135773    1057583    1579878     533191     231228          0          0          0          0          0          0          0          0          0          0          0      23780  IR-PCI-MSI-0000:00:14.0    0-edge      xhci_hcd
 137:          0          0          0          0          0          0          0          0          0          0          0          0          0          0          0          0          0          0          0          0  IR-PCI-MSI-0000:00:17.0    0-edge      ahci[0000:00:17.0]
 138:          0          0          0          0          0          0          0          0          0          0          0          0          0          0          0          0          0          0          0          0  IR-PCI-MSIX-0000:06:00.0    0-edge      enp6s0
 139:          0          0          0          0          0          0          0          0          0          0          0          0          0          0          0          0          0          0          0          0  IR-PCI-MSIX-0000:06:00.0    1-edge      enp6s0
 140:          0          0          0          0          0          0          0          0          0          0          0          0          0          0          0          0          0          0          0          0  IR-PCI-MSIX-0000:06:00.0    2-edge      enp6s0
 141:          0          0          0          0          0          0          0          0          0          0          0          0          0          0          0          0          0          0          0          0  IR-PCI-MSIX-0000:06:00.0    3-edge      enp6s0
 142:          0          0          0          0          0          0          0          0          0          0          0          0          0          0          0          0          0          0          0          0  IR-PCI-MSIX-0000:06:00.0    4-edge      enp6s0
 143:          0          0          0          0          0          0          0          0          0          0          0          0          0          0          0          0          0          0          0          0  IR-PCI-MSIX-0000:06:00.0    5-edge      enp6s0
 144:          0          0          0          0          0          0          0          0          0          0          0          0          0          0          0          0          0          0          0          0  IR-PCI-MSIX-0000:06:00.0    6-edge      enp6s0
 145:          0          0          0          0          0          0          0          0          0          0          0          0          0          0          0          0          0          0          0          0  IR-PCI-MSIX-0000:06:00.0    7-edge      enp6s0
 146:          0          0          0          0          0          0          0          0          0          0          0          0          0          0          0          0          0          0          0          0  IR-PCI-MSIX-0000:06:00.0    8-edge      enp6s0
 148:          0          0          0          0          0          0          0          0          0          0          0          0          0          0          0          0          0          0          0          0  IR-PCI-MSIX-0000:04:00.0    0-edge      enp4s0
 149:         10         25       4369       4525       2640       3250       3690       5430          0          0          0          0          0          0          0          0          0          0          5          0  IR-PCI-MSIX-0000:04:00.0    1-edge      enp4s0-TxRx-0
 150:         10         20       3974       5495       2905       2855       3185       5495          0          0          0          0          0          0          0          0          0          0          0          5  IR-PCI-MSIX-0000:04:00.0    2-edge      enp4s0-TxRx-1
 151:         25         85       3850       4635       3435       2985       3105       5819          0          0          0          0          0          0          0          0          5          0          0          0  IR-PCI-MSIX-0000:04:00.0    3-edge      enp4s0-TxRx-2
 152:          5        815       4095       5319       2940       2740       3555       4475          0          0          0          0          0          0          0          0          0          0          0          0  IR-PCI-MSIX-0000:04:00.0    4-edge      enp4s0-TxRx-3
 153:          0          0          0          0          0          0          0          0          0          0          0          0          0          0          0          0          0          0          0          0  IR-PCI-MSIX-0000:05:00.0    0-edge      enp5s0
 154:          0         20       3829       5065       3015       3080       3085       5850          0          0          0          0          0          0          0          0          0          0          0          0  IR-PCI-MSIX-0000:05:00.0    1-edge      enp5s0-TxRx-0
 155:          5      15710        605       2144        455        575       1260       3185          0          0          0          0          0          0          0          0          0          0          5          0  IR-PCI-MSIX-0000:05:00.0    2-edge      enp5s0-TxRx-1
 156:          0        780       3524       4960       3135       3110       3015       5420          0          0          0          0          0          0          0          0          0          0          0          0  IR-PCI-MSIX-0000:05:00.0    3-edge      enp5s0-TxRx-2
 157:          0          0       4445       4939       2825       2905       2280       6550          0          0          0          0          0          0          0          0          0          0          0          0  IR-PCI-MSIX-0000:05:00.0    4-edge      enp5s0-TxRx-3
 158:          0          0          0          0          0          0          0          0          0          0          0          0          0          0          0          0          1          0         38          0  IR-PCI-MSIX-0000:03:00.0    0-edge      nvme0q0
 159:          0   39109420          0          0          0          0          0          0          0          0          0          0          0          0          0          0          0          0          0          0  IR-PCI-MSIX-0000:03:00.0    1-edge      nvme0q1
 160:          0          0          0   12211072          0          0          0          0          0          0          0          0          0          0          0          0          0          0          0          0  IR-PCI-MSIX-0000:03:00.0    2-edge      nvme0q2
 161:          0          0          0          0          0   12178152          0          0          0          0          0          0          0          0          0          0          0          0          0          0  IR-PCI-MSIX-0000:03:00.0    3-edge      nvme0q3
 162:          0          0          0          0          0          0          0   10005358          0          0          0          0          0          0          0          0          0          0          0          0  IR-PCI-MSIX-0000:03:00.0    4-edge      nvme0q4
 163:          0          0          0          0          0          0          0          0          0          0          0          0          0          0          0          0          0          0          0          0  IR-PCI-MSIX-0000:03:00.0    5-edge      nvme0q5
 164:          0          0          0          0          0          0          0          0          0          0          0          0          0          0          0          0          0          0          0          0  IR-PCI-MSIX-0000:03:00.0    6-edge      nvme0q6
 165:          0          0          0          0          0          0          0          0          0          0          0          0          0          0          0          0          0          0          0          0  IR-PCI-MSIX-0000:03:00.0    7-edge      nvme0q7
 166:          0          0          0          0          0          0          0          0          0          0          0          0          0          0          0          0          0          0          0          0  IR-PCI-MSIX-0000:03:00.0    8-edge      nvme0q8
 167:          0          0          0          0          0          0          0          0          0          0          0          0          0          0          0          0          0          0          0          0  IR-PCI-MSIX-0000:03:00.0    9-edge      nvme0q9
 168:          0          0          0          0          0          0          0          0          0          0          0          0          0          0          0          0          0          0          0          0  IR-PCI-MSIX-0000:03:00.0   10-edge      nvme0q10
 169:          0          0          0          0          0          0          0          0          0          0          0          0          0          0          0          0          0          0          0          0  IR-PCI-MSIX-0000:03:00.0   11-edge      nvme0q11
 170:          0          0          0          0          0          0          0          0          0          0          0          0          0          0          0          0          0          0          0          0  IR-PCI-MSIX-0000:03:00.0   12-edge      nvme0q12
 171:          0          0          0          0          0          0          0          0          0          0          0          0          0          0          0          0     897585          0          0          0  IR-PCI-MSIX-0000:03:00.0   13-edge      nvme0q13
 172:          0          0          0          0          0          0          0          0          0          0          0          0          0          0          0          0          0     379912          0          0  IR-PCI-MSIX-0000:03:00.0   14-edge      nvme0q14
 173:          0          0          0          0          0          0          0          0          0          0          0          0          0          0          0          0          0          0     328254          0  IR-PCI-MSIX-0000:03:00.0   15-edge      nvme0q15
 174:          0          0          0          0          0          0          0          0          0          0          0          0          0          0          0          0          0          0          0     293460  IR-PCI-MSIX-0000:03:00.0   16-edge      nvme0q16
 175:          0          0       3066       8307       2727       2258       2960       4098          0          0          0          0          0          0          0          0          0          0          5          0  IR-PCI-MSIX-0000:02:00.0    0-edge      enp2s0f0-TxRx-0
 176:          0          0       3013       6836       2333       3069       2136       6034          0          0          0          0          0          0          0          0          0          0          0          0  IR-PCI-MSIX-0000:02:00.0    1-edge      enp2s0f0-TxRx-1
 177:         20          0       4019       6870       2317       2658       2963       4574          0          0          0          0          0          0          0          0          0          0          0          0  IR-PCI-MSIX-0000:02:00.0    2-edge      enp2s0f0-TxRx-2
 178:         10       1098       2815       6840       2792       2808       2174       4884          0          0          0          0          0          0          0          0          0          0          0          0  IR-PCI-MSIX-0000:02:00.0    3-edge      enp2s0f0-TxRx-3
 179:         10         13       3347       3933       2539       2451       3403       7725          0          0          0          0          0          0          0          0          0          0          0          0  IR-PCI-MSIX-0000:02:00.0    4-edge      enp2s0f0-TxRx-4
 180:         10          0       3394       6405       2321       2898       2607       5776          0          0          0          0          0          0          0          0          0         10          0          0  IR-PCI-MSIX-0000:02:00.0    5-edge      enp2s0f0-TxRx-5
 181:          0          0       2837       4065       2525       2620       2168       9163          0          0          0          0          0          0          0          0         43          0          0          0  IR-PCI-MSIX-0000:02:00.0    6-edge      enp2s0f0-TxRx-6
 182:          0         28       2595       5921       2827       2917       2734       6356          0          0          0          0          0          0          0          0          0         43          0          0  IR-PCI-MSIX-0000:02:00.0    7-edge      enp2s0f0-TxRx-7
 183:         15       2221       3348       4851       3160       2739       2471       4573          0          0          0          0          0          0          0          0          0          0         43          0  IR-PCI-MSIX-0000:02:00.0    8-edge      enp2s0f0-TxRx-8
 184:          5         44       3578       5241       3451       2771       2805       5483          0          0          0          0          0          0          0          0          0          0          0         43  IR-PCI-MSIX-0000:02:00.0    9-edge      enp2s0f0-TxRx-9
 185:         48         20       3728       4299       3782       3008       3103       5433          0          0          0          0          0          0          0          0          0          0          0          0  IR-PCI-MSIX-0000:02:00.0   10-edge      enp2s0f0-TxRx-10
 186:          5       3293       3315       3968       3252       2573       2706       4299          0          0          0          0          0          0          0          0          0         10          0          0  IR-PCI-MSIX-0000:02:00.0   11-edge      enp2s0f0-TxRx-11
 187:          0         80       3344       4799       3429       2767       2968       6034          0          0          0          0          0          0          0          0          0          0          0          0  IR-PCI-MSIX-0000:02:00.0   12-edge      enp2s0f0-TxRx-12
 188:          5          5       3689       4929       3421       3106       3272       4994          0          0          0          0          0          0          0          0          0          0          0          0  IR-PCI-MSIX-0000:02:00.0   13-edge      enp2s0f0-TxRx-13
 189:          0         47       3642       4377       3530       3504       3389       4932          0          0          0          0          0          0          0          0          0          0          0          0  IR-PCI-MSIX-0000:02:00.0   14-edge      enp2s0f0-TxRx-14
 190:          0         37       3741       5549       3362       2563       2720       5449          0          0          0          0          0          0          0          0          0          0          0          0  IR-PCI-MSIX-0000:02:00.0   15-edge      enp2s0f0-TxRx-15
 191:          0         38       3394       4588       3674       2781       3348       5593          0          0          0          0          0          0          0          0          0          0          0          5  IR-PCI-MSIX-0000:02:00.0   16-edge      enp2s0f0-TxRx-16
 192:         10         39       3324       5254       3481       2633       2958       5722          0          0          0          0          0          0          0          0          0          0          0          0  IR-PCI-MSIX-0000:02:00.0   17-edge      enp2s0f0-TxRx-17
 193:         15         14       3013       4616       3670       3302       3173       5575          0          0          0          0          0          0          0          0         43          0          0          0  IR-PCI-MSIX-0000:02:00.0   18-edge      enp2s0f0-TxRx-18
 194:          5         19       3504       4821       3407       3096       3456       5070          0          0          0          0          0          0          0          0          0         43          0          0  IR-PCI-MSIX-0000:02:00.0   19-edge      enp2s0f0-TxRx-19
 195:          0          0          0          0          0          0          0          0          0          0          0          0          0          0          0          0          0          0          0          0  IR-PCI-MSIX-0000:02:00.0   20-edge      enp2s0f0
 196:          0         34       3029       4317       3686       3105       4165       5037          0          0          0          0          0          0          0          0          5          0          0         43  IR-PCI-MSIX-0000:02:00.1    0-edge      enp2s0f1-TxRx-0
 197:         53         34       3443       5075       3356       2742       4571       4147          0          0          0          0          0          0          0          0          0          0          0          0  IR-PCI-MSIX-0000:02:00.1    1-edge      enp2s0f1-TxRx-1
 198:          5         77       3213       2918       3545       3800       5656       4207          0          0          0          0          0          0          0          0          0          0          0          0  IR-PCI-MSIX-0000:02:00.1    2-edge      enp2s0f1-TxRx-2
 199:          0          0       5151       5190       2326       2710       2137       5907          0          0          0          0          0          0          0          0          0          0          0          0  IR-PCI-MSIX-0000:02:00.1    3-edge      enp2s0f1-TxRx-3
 200:         10          0       2744       7020       2384       3183       2439       5636          0          0          0          0          0          0          0          0          0          0          0          5  IR-PCI-MSIX-0000:02:00.1    4-edge      enp2s0f1-TxRx-4
 201:          0          0       5878       4437       2605       2564       2963       4974          0          0          0          0          0          0          0          0          0          0          0          0  IR-PCI-MSIX-0000:02:00.1    5-edge      enp2s0f1-TxRx-5
 202:         20          0       3895       4287       2419       2971       2528       7301          0          0          0          0          0          0          0          0          0          0          0          0  IR-PCI-MSIX-0000:02:00.1    6-edge      enp2s0f1-TxRx-6
 203:         10          0       4261       5282       2452       2425       2380       6611          0          0          0          0          0          0          0          0          0          0          0          0  IR-PCI-MSIX-0000:02:00.1    7-edge      enp2s0f1-TxRx-7
 204:         10        254       3211       4684       2426       2864       2845       7127          0          0          0          0          0          0          0          0          0          0          0          0  IR-PCI-MSIX-0000:02:00.1    8-edge      enp2s0f1-TxRx-8
 205:         97          0       4907       5753       2711       2441       2454       5010          0          0          0          0          0          0          0          0         48          0          0          0  IR-PCI-MSIX-0000:02:00.1    9-edge      enp2s0f1-TxRx-9
 206:          0          0       3271       5520       2672       2883       2859       6173          0          0          0          0          0          0          0          0          0         43          0          0  IR-PCI-MSIX-0000:02:00.1   10-edge      enp2s0f1-TxRx-10
 207:          0         15       4168       6397       2647       2529       3275       4347          0          0          0          0          0          0          0          0          0          0         43          0  IR-PCI-MSIX-0000:02:00.1   11-edge      enp2s0f1-TxRx-11
 208:          0          0       3495       4038       2499       2839       2920       7587          0          0          0          0          0          0          0          0          0          0          0         43  IR-PCI-MSIX-0000:02:00.1   12-edge      enp2s0f1-TxRx-12
 209:         43       1006       3944       5049       2609       2536       2856       5378          0          0          0          0          0          0          0          0          0          0          0          0  IR-PCI-MSIX-0000:02:00.1   13-edge      enp2s0f1-TxRx-13
 210:         10         87       3914       3748       2757       2862       2928       7110          0          0          0          0          0          0          0          0          0          0          5          0  IR-PCI-MSIX-0000:02:00.1   14-edge      enp2s0f1-TxRx-14
 211:          0         15       3695       5309       2551       2671       3310       5870          0          0          0          0          0          0          0          0          0          0          0          0  IR-PCI-MSIX-0000:02:00.1   15-edge      enp2s0f1-TxRx-15
 212:         20        757       3496       5150       2725       2996       3073       5204          0          0          0          0          0          0          0          0          0          0          0          0  IR-PCI-MSIX-0000:02:00.1   16-edge      enp2s0f1-TxRx-16
 213:         10        108       3378       4945       2768       2365       3445       6402          0          0          0          0          0          0          0          0          0          0          0          0  IR-PCI-MSIX-0000:02:00.1   17-edge      enp2s0f1-TxRx-17
 214:         40          5       4006       4601       2756       2673       3334       6006          0          0          0          0          0          0          0          0          0          0          0          0  IR-PCI-MSIX-0000:02:00.1   18-edge      enp2s0f1-TxRx-18
 215:         59         19       3729       4965       2859       2522       3396       5862          0          0          0          0          0          0          0          0          0         10          0          0  IR-PCI-MSIX-0000:02:00.1   19-edge      enp2s0f1-TxRx-19
 216:          0          0          0          0          0          0          0          0          0          0          0          0          0          0          0          0          0          0          0          0  IR-PCI-MSIX-0000:02:00.1   20-edge      enp2s0f1
 217:          0          0          0          0          0          0          0          0          0          0          0          0          0          0          0          0          0          0          0         64  IR-PCI-MSI-0000:00:16.0    0-edge      mei_me
 218:        561          0          0          0          0          0          0          0          0          0          0          0          0          0          0          0          0          0          0          0  IR-PCI-MSI-0000:00:1f.3    0-edge      snd_hda_intel:card0
 219:          0          0     106789     289337      60564      92936     425351      45092          0          0          0          0          0          0          0          0        565          0          0          0  IR-PCI-MSI-0000:01:00.0    0-edge      nvidia
 NMI:          0          0          0          0          0          0          0          0          0          0          0          0          0          0          0          0          0          0          0          0   Non-maskable interrupts
 LOC:  264256386   48129544   36689491   32102919   32889956   32183677   32582491   31417700       8168       1460       1156        897       1055       1074       1329       1168   55729176   55777932   55992293   56574116   Local timer interrupts
 SPU:          0          0          0          0          0          0          0          0          0          0          0          0          0          0          0          0          0          0          0          0   Spurious interrupts
 PMI:          0          0          0          0          0          0          0          0          0          0          0          0          0          0          0          0          0          0          0          0   Performance monitoring interrupts
 IWI:       2207     194484       1830       9856       2525       9269       3433       8629          7          4          5          7          5          5          5          4       3755       3075       2885       2606   IRQ work interrupts
 RTR:          0          0          0          0          0          0          0          0          0          0          0          0          0          0          0          0          0          0          0          0   APIC ICR read retries
 RES:     164269     563786     239447     224389     153459     138891     438828     426247      27616      36832      21575      17818      33911      15818      39462      27361   11211105   11182581   11159863   11158263   Rescheduling interrupts
 CAL:     133399     422904     333213     307563     187101     171242     421846     442704      25102      25101      25101      25099      25106      25101      25108      25104   12257576   12561412   12350161   12276679   Function call interrupts
 TLB:      24066      21640      28886      23953      37488      16564      38097      13995          3          3          3          3          3          3          3          3      31664      31821      38801      32720   TLB shootdowns
 TRM:          1          1          1          1          1          1          1          1          1          1          1          1          1          1          1          1          0          0          0          0   Thermal event interrupts
 THR:          0          0          0          0          0          0          0          0          0          0          0          0          0          0          0          0          0          0          0          0   Threshold APIC interrupts
 DFR:          0          0          0          0          0          0          0          0          0          0          0          0          0          0          0          0          0          0          0          0   Deferred Error APIC interrupts
 MCE:          0          0          0          0          0          0          0          0          0          0          0          0          0          0          0          0          0          0          0          0   Machine check exceptions
 MCP:        147        148        148        148        148        148        148        148        148        148        148        148        148        148        148        148        148        148        148        148   Machine check polls
 ERR:          0
 MIS:          0
 PIN:          0          0          0          0          0          0          0          0          0          0          0          0          0          0          0          0          0          0          0          0   Posted-interrupt notification event
 NPI:          0          0          0          0          0          0          0          0          0          0          0          0          0          0          0          0          0          0          0          0   Nested posted-interrupt event
 PIW:          0          0          0          0          0          0          0          0          0          0          0          0          0          0          0          0          0          0          0          0   Posted-interrupt wakeup event
