            CPU0       CPU1       CPU2       CPU3       CPU4       CPU5       CPU6       CPU7       CPU8       CPU9       CPU10      CPU11      CPU12      CPU13      CPU14      CPU15      CPU16      CPU17      CPU18      CPU19      
   8:          0          0          0          0          0          0          0          0          0          0          0          0          0          0          0          0          0          0          0          0  IR-IO-APIC    8-edge      rtc0
   9:          0          0          0          0          0          0          0          0          0          0          0          0          0          0          0          0          0          0          0          0  IR-IO-APIC    9-fasteoi   acpi
  17:          0       1061          0          0          0          0          0          0          0          0          0          0          0          0          0          0          0          0          0          0  IR-IO-APIC   17-fasteoi   snd_hda_intel:card1
  18:          0          0          0          0          0          0          0          0          0          0          0          0          0          0          0          0          0          0          0          0  IR-IO-APIC   18-fasteoi   i801_smbus
  19:          0          0          0          0          0          0         15          0          0          0          0          0          0          0          0          0          0         18          0          0  IR-IO-APIC   19-fasteoi 
  27:          0          0          0          0          0          0          0          0          0          0          0          0          0          0          0          0          0          0          0          0  IR-IO-APIC   27-fasteoi   idma64.0, i2c_designware.0
 120:          0          0          0          0          0          0          0          0          0          0          0          0          0          0          0          0          0          0          0          0  DMAR-MSI    0-edge      dmar0
 121:          0          0          0          0          0          0          0          0          0          0          0          0          0          0          0          0          0          0          0          0  IR-PCI-MSI-0000:00:01.0    0-edge      PCIe PME
 122:          0          0          0          0          0          0          0          0          0          0          0          0          0          0          0          0          0          0          0          0  IR-PCI-MSI-0000:00:1b.0    0-edge      PCIe PME
 123:          0          0          0          0          0          0          0          0          0          0          0          0          0          0          0          0          0          0          0          0  IR-PCI-MSI-0000:00:1b.4    0-edge      PCIe PME
 124:          0          0          0          0          0          0          0          0          0          0          0          0          0          0          0          0          0          0          0          0  IR-PCI-MSI-0000:00:1c.0    0-edge      PCIe PME
 125:          0          0          0          0          0          0          0          0          0          0          0          0          0          0          0          0          0          0          0          0  IR-PCI-MSI-0000:00:1c.1    0-edge      PCIe PME
 126:          0          0          0          0          0          0          0          0          0          0          0          0          0          0          0          0          0          0          0          0  IR-PCI-MSI-0000:00:1c.4    0-edge      PCIe PME
 127:          0          0          0          0          0          0          0          0          0          0          0          0          0          0          0          0          0          0          0          0  IR-PCI-MSI-0000:00:1c.7    0-edge      PCIe PME
 128:      23808          0          0         30          0          0         25         45          0          0          0          0          0          0          0          0          0          0          7          0  IR-PCI-MSI-0000:00:1f.6    0-edge      enp0s31f6
 129:          0          0     350759     135773    1057583    1565517     533191     231228          0          0          0          0          0          0          0          0          0          0          0      23780  IR-PCI-MSI-0000:00:14.0    0-edge      xhci_hcd
 137:          0          0          0          0          0          0          0          0          0          0          0          0          0          0          0          0          0          0          0          0  IR-PCI-MSI-0000:00:17.0    0-edge      ahci[0000:00:17.0]
 138:          0          0          0          0          0          0          0          0          0          0          0          0          0          0          0          0          0          0          0          0  IR-PCI-MSIX-0000:06:00.0    0-edge      enp6s0
 139:          0          0          0          0          0          0          0          0          0          0          0          0          0          0          0          0          0          0          0          0  IR-PCI-MSIX-0000:06:00.0    1-edge      enp6s0
 140:          0          0          0          0          0          0          0          0          0          0          0          0          0          0          0          0          0          0          0          0  IR-PCI-MSIX-0000:06:00.0    2-edge      enp6s0
 141:          0          0          0          0          0          0          0          0          0          0          0          0          0          0          0          0          0          0          0          0  IR-PCI-MSIX-0000:06:00.0    3-edge      enp6s0
 142:          0          0          0          0          0          0          0          0          0          0          0          0          0          0          0          0          0          0          0          0  IR-PCI-MSIX-0000:06:00.0    4-edge      enp6s0
 143:          0          0          0          0          0          0          0          0          0          0          0          0          0          0          0          0          0          0          0          0  IR-PCI-MSIX-0000:06:00.0    5-edge      enp6s0
 144:          0          0          0          0          0          0          0          0          0          0          0          0          0          0          0          0          0          0          0          0  IR-PCI-MSIX-0000:06:00.0    6-edge      enp6s0
 145:          0          0          0          0          0          0          0          0          0          0          0          0          0          0          0          0          0          0          0          0  IR-PCI-MSIX-0000:06:00.0    7-edge      enp6s0
 146:          0          0          0          0          0          0          0          0          0          0          0          0          0          0          0          0          0          0          0          0  IR-PCI-MSIX-0000:06:00.0    8-edge      enp6s0
 148:          0          0          0          0          0          0          0          0          0          0          0          0          0          0          0          0          0          0          0          0  IR-PCI-MSIX-0000:04:00.0    0-edge      enp4s0
 149:         10         25       4350       4519       2640       3250       3685       5430          0          0          0          0          0          0          0          0          0          0          5          0  IR-PCI-MSIX-0000:04:00.0    1-edge      enp4s0-TxRx-0
 150:         10         20       3970       5489       2900       2855       3180       5485          0          0          0          0          0          0          0          0          0          0          0          5  IR-PCI-MSIX-0000:04:00.0    2-edge      enp4s0-TxRx-1
 151:         25         64       3850       4635       3435       2985       3105       5810          0          0          0          0          0          0          0          0          5          0          0          0  IR-PCI-MSIX-0000:04:00.0    3-edge      enp4s0-TxRx-2
 152:          5        794       4095       5310       2940       2740       3555       4475          0          0          0          0          0          0          0          0          0          0          0          0  IR-PCI-MSIX-0000:04:00.0    4-edge      enp4s0-TxRx-3
 153:          0          0          0          0          0          0          0          0          0          0          0          0          0          0          0          0          0          0          0          0  IR-PCI-MSIX-0000:05:00.0    0-edge      enp5s0
 154:          0         20       3810       5059       3015       3080       3080       5850          0          0          0          0          0          0          0          0          0          0          0          0  IR-PCI-MSIX-0000:05:00.0    1-edge      enp5s0-TxRx-0
 155:          5      15705        605       2134        455        575       1255       3175          0          0          0          0          0          0          0          0          0          0          5          0  IR-PCI-MSIX-0000:05:00.0    2-edge      enp5s0-TxRx-1
 156:          0        780       3505       4954       3135       3110       3010       5420          0          0          0          0          0          0          0          0          0          0          0          0  IR-PCI-MSIX-0000:05:00.0    3-edge      enp5s0-TxRx-2
 157:          0          0       4445       4909       2825       2905       2280       6550          0          0          0          0          0          0          0          0          0          0          0          0  IR-PCI-MSIX-0000:05:00.0    4-edge      enp5s0-TxRx-3
 158:          0          0          0          0          0          0          0          0          0          0          0          0          0          0          0          0          1          0         38          0  IR-PCI-MSIX-0000:03:00.0    0-edge      nvme0q0
 159:          0   39109420          0          0          0          0          0          0          0          0          0          0          0          0          0          0          0          0          0          0  IR-PCI-MSIX-0000:03:00.0    1-edge      nvme0q1
 160:          0          0          0   12211034          0          0          0          0          0          0          0          0          0          0          0          0          0          0          0          0  IR-PCI-MSIX-0000:03:00.0    2-edge      nvme0q2
 161:          0          0          0          0          0   12178115          0          0          0          0          0          0          0          0          0          0          0          0          0          0  IR-PCI-MSIX-0000:03:00.0    3-edge      nvme0q3
 162:          0          0          0          0          0          0          0   10005312          0          0          0          0          0          0          0          0          0          0          0          0  IR-PCI-MSIX-0000:03:00.0    4-edge      nvme0q4
 163:          0          0          0          0          0          0          0          0          0          0          0          0          0          0          0          0          0          0          0          0  IR-PCI-MSIX-0000:03:00.0    5-edge      nvme0q5
 164:          0          0          0          0          0          0          0          0          0          0          0          0          0          0          0          0          0          0          0          0  IR-PCI-MSIX-0000:03:00.0    6-edge      nvme0q6
 165:          0          0          0          0          0          0          0          0          0          0          0          0          0          0          0          0          0          0          0          0  IR-PCI-MSIX-0000:03:00.0    7-edge      nvme0q7
 166:          0          0          0          0          0          0          0          0          0          0          0          0          0          0          0          0          0          0          0          0  IR-PCI-MSIX-0000:03:00.0    8-edge      nvme0q8
 167:          0          0          0          0          0          0          0          0          0          0          0          0          0          0          0          0          0          0          0          0  IR-PCI-MSIX-0000:03:00.0    9-edge      nvme0q9
 168:          0          0          0          0          0          0          0          0          0          0          0          0          0          0          0          0          0          0          0          0  IR-PCI-MSIX-0000:03:00.0   10-edge      nvme0q10
 169:          0          0          0          0          0          0          0          0          0          0          0          0          0          0          0          0          0          0          0          0  IR-PCI-MSIX-0000:03:00.0   11-edge      nvme0q11
 170:          0          0          0          0          0          0          0          0          0          0          0          0          0          0          0          0          0          0          0          0  IR-PCI-MSIX-0000:03:00.0   12-edge      nvme0q12
 171:          0          0          0          0          0          0          0          0          0          0          0          0          0          0          0          0     897543          0          0          0  IR-PCI-MSIX-0000:03:00.0   13-edge      nvme0q13
 172:          0          0          0          0          0          0          0          0          0          0          0          0          0          0          0          0          0     379896          0          0  IR-PCI-MSIX-0000:03:00.0   14-edge      nvme0q14
 173:          0          0          0          0          0          0          0          0          0          0          0          0          0          0          0          0          0          0     328242          0  IR-PCI-MSIX-0000:03:00.0   15-edge      nvme0q15
 174:          0          0          0          0          0          0          0          0          0          0          0          0          0          0          0          0          0          0          0     293459  IR-PCI-MSIX-0000:03:00.0   16-edge      nvme0q16
 175:          0          0       3066       8277       2727       2258       2960       4098          0          0          0          0          0          0          0          0          0          0          5          0  IR-PCI-MSIX-0000:02:00.0    0-edge      enp2s0f0-TxRx-0
 176:          0          0       3013       6806       2333       3069       2136       6034          0          0          0          0          0          0          0          0          0          0          0          0  IR-PCI-MSIX-0000:02:00.0    1-edge      enp2s0f0-TxRx-1
 177:         20          0       4019       6840       2317       2658       2963       4574          0          0          0          0          0          0          0          0          0          0          0          0  IR-PCI-MSIX-0000:02:00.0    2-edge      enp2s0f0-TxRx-2
 178:         10       1098       2815       6840       2792       2808       2174       4854          0          0          0          0          0          0          0          0          0          0          0          0  IR-PCI-MSIX-0000:02:00.0    3-edge      enp2s0f0-TxRx-3
 179:         10          0       3347       3933       2539       2451       3403       7708          0          0          0          0          0          0          0          0          0          0          0          0  IR-PCI-MSIX-0000:02:00.0    4-edge      enp2s0f0-TxRx-4
 180:         10          0       3394       6388       2317       2898       2607       5767          0          0          0          0          0          0          0          0          0         10          0          0  IR-PCI-MSIX-0000:02:00.0    5-edge      enp2s0f0-TxRx-5
 181:          0          0       2837       4056       2521       2620       2168       9146          0          0          0          0          0          0          0          0         43          0          0          0  IR-PCI-MSIX-0000:02:00.0    6-edge      enp2s0f0-TxRx-6
 182:          0         15       2595       5921       2827       2917       2734       6339          0          0          0          0          0          0          0          0          0         43          0          0  IR-PCI-MSIX-0000:02:00.0    7-edge      enp2s0f0-TxRx-7
 183:         15       2221       3344       4844       3156       2739       2466       4563          0          0          0          0          0          0          0          0          0          0         43          0  IR-PCI-MSIX-0000:02:00.0    8-edge      enp2s0f0-TxRx-8
 184:          5         44       3548       5241       3451       2771       2805       5483          0          0          0          0          0          0          0          0          0          0          0         43  IR-PCI-MSIX-0000:02:00.0    9-edge      enp2s0f0-TxRx-9
 185:         48         20       3714       4292       3778       3008       3098       5433          0          0          0          0          0          0          0          0          0          0          0          0  IR-PCI-MSIX-0000:02:00.0   10-edge      enp2s0f0-TxRx-10
 186:          5       3280       3298       3968       3252       2573       2706       4299          0          0          0          0          0          0          0          0          0         10          0          0  IR-PCI-MSIX-0000:02:00.0   11-edge      enp2s0f0-TxRx-11
 187:          0         67       3344       4792       3429       2767       2968       6024          0          0          0          0          0          0          0          0          0          0          0          0  IR-PCI-MSIX-0000:02:00.0   12-edge      enp2s0f0-TxRx-12
 188:          5          5       3689       4922       3417       3106       3272       4975          0          0          0          0          0          0          0          0          0          0          0          0  IR-PCI-MSIX-0000:02:00.0   13-edge      enp2s0f0-TxRx-13
 189:          0         34       3630       4377       3530       3504       3384       4932          0          0          0          0          0          0          0          0          0          0          0          0  IR-PCI-MSIX-0000:02:00.0   14-edge      enp2s0f0-TxRx-14
 190:          0         24       3739       5544       3362       2563       2720       5439          0          0          0          0          0          0          0          0          0          0          0          0  IR-PCI-MSIX-0000:02:00.0   15-edge      enp2s0f0-TxRx-15
 191:          0         38       3394       4572       3670       2781       3348       5583          0          0          0          0          0          0          0          0          0          0          0          5  IR-PCI-MSIX-0000:02:00.0   16-edge      enp2s0f0-TxRx-16
 192:         10         39       3324       5243       3477       2633       2953       5712          0          0          0          0          0          0          0          0          0          0          0          0  IR-PCI-MSIX-0000:02:00.0   17-edge      enp2s0f0-TxRx-17
 193:         15         14       3004       4609       3666       3302       3173       5565          0          0          0          0          0          0          0          0         43          0          0          0  IR-PCI-MSIX-0000:02:00.0   18-edge      enp2s0f0-TxRx-18
 194:          5         19       3495       4814       3403       3096       3456       5060          0          0          0          0          0          0          0          0          0         43          0          0  IR-PCI-MSIX-0000:02:00.0   19-edge      enp2s0f0-TxRx-19
 195:          0          0          0          0          0          0          0          0          0          0          0          0          0          0          0          0          0          0          0          0  IR-PCI-MSIX-0000:02:00.0   20-edge      enp2s0f0
 196:          0         34       3029       4310       3686       3105       4165       5014          0          0          0          0          0          0          0          0          5          0          0         43  IR-PCI-MSIX-0000:02:00.1    0-edge      enp2s0f1-TxRx-0
 197:         53         34       3443       5068       3356       2742       4571       4124          0          0          0          0          0          0          0          0          0          0          0          0  IR-PCI-MSIX-0000:02:00.1    1-edge      enp2s0f1-TxRx-1
 198:          5         77       3213       2911       3545       3800       5656       4184          0          0          0          0          0          0          0          0          0          0          0          0  IR-PCI-MSIX-0000:02:00.1    2-edge      enp2s0f1-TxRx-2
 199:          0          0       5151       5160       2326       2710       2137       5907          0          0          0          0          0          0          0          0          0          0          0          0  IR-PCI-MSIX-0000:02:00.1    3-edge      enp2s0f1-TxRx-3
 200:         10          0       2744       7008       2375       3183       2439       5627          0          0          0          0          0          0          0          0          0          0          0          5  IR-PCI-MSIX-0000:02:00.1    4-edge      enp2s0f1-TxRx-4
 201:          0          0       5848       4437       2605       2564       2963       4974          0          0          0          0          0          0          0          0          0          0          0          0  IR-PCI-MSIX-0000:02:00.1    5-edge      enp2s0f1-TxRx-5
 202:         20          0       3895       4287       2419       2971       2528       7271          0          0          0          0          0          0          0          0          0          0          0          0  IR-PCI-MSIX-0000:02:00.1    6-edge      enp2s0f1-TxRx-6
 203:         10          0       4261       5282       2452       2425       2380       6581          0          0          0          0          0          0          0          0          0          0          0          0  IR-PCI-MSIX-0000:02:00.1    7-edge      enp2s0f1-TxRx-7
 204:         10        254       3211       4674       2426       2864       2845       7107          0          0          0          0          0          0          0          0          0          0          0          0  IR-PCI-MSIX-0000:02:00.1    8-edge      enp2s0f1-TxRx-8
 205:         97          0       4877       5753       2711       2441       2454       5010          0          0          0          0          0          0          0          0         48          0          0          0  IR-PCI-MSIX-0000:02:00.1    9-edge      enp2s0f1-TxRx-9
 206:          0          0       3253       5510       2672       2883       2859       6171          0          0          0          0          0          0          0          0          0         43          0          0  IR-PCI-MSIX-0000:02:00.1   10-edge      enp2s0f1-TxRx-10
 207:          0         15       4168       6378       2638       2529       3275       4345          0          0          0          0          0          0          0          0          0          0         43          0  IR-PCI-MSIX-0000:02:00.1   11-edge      enp2s0f1-TxRx-11
 208:          0          0       3495       4028       2499       2839       2920       7567          0          0          0          0          0          0          0          0          0          0          0         43  IR-PCI-MSIX-0000:02:00.1   12-edge      enp2s0f1-TxRx-12
 209:         43       1006       3944       5044       2609       2536       2856       5353          0          0          0          0          0          0          0          0          0          0          0          0  IR-PCI-MSIX-0000:02:00.1   13-edge      enp2s0f1-TxRx-13
 210:         10         87       3896       3741       2757       2862       2923       7110          0          0          0          0          0          0          0          0          0          0          5          0  IR-PCI-MSIX-0000:02:00.1   14-edge      enp2s0f1-TxRx-14
 211:          0         15       3695       5302       2551       2671       3310       5847          0          0          0          0          0          0          0          0          0          0          0          0  IR-PCI-MSIX-0000:02:00.1   15-edge      enp2s0f1-TxRx-15
 212:         20        757       3478       5143       2725       2996       3068       5204          0          0          0          0          0          0          0          0          0          0          0          0  IR-PCI-MSIX-0000:02:00.1   16-edge      enp2s0f1-TxRx-16
 213:         10        108       3378       4938       2768       2365       3445       6379          0          0          0          0          0          0          0          0          0          0          0          0  IR-PCI-MSIX-0000:02:00.1   17-edge      enp2s0f1-TxRx-17
 214:         40          0       3993       4594       2756       2673       3329       6006          0          0          0          0          0          0          0          0          0          0          0          0  IR-PCI-MSIX-0000:02:00.1   18-edge      enp2s0f1-TxRx-18
 215:         59         19       3729       4958       2859       2522       3396       5839          0          0          0          0          0          0          0          0          0         10          0          0  IR-PCI-MSIX-0000:02:00.1   19-edge      enp2s0f1-TxRx-19
 216:          0          0          0          0          0          0          0          0          0          0          0          0          0          0          0          0          0          0          0          0  IR-PCI-MSIX-0000:02:00.1   20-edge      enp2s0f1
 217:          0          0          0          0          0          0          0          0          0          0          0          0          0          0          0          0          0          0          0         64  IR-PCI-MSI-0000:00:16.0    0-edge      mei_me
 218:        561          0          0          0          0          0          0          0          0          0          0          0          0          0          0          0          0          0          0          0  IR-PCI-MSI-0000:00:1f.3    0-edge      snd_hda_intel:card0
 219:          0          0     106789     289337      60564      92936     417237      45092          0          0          0          0          0          0          0          0        565          0          0          0  IR-PCI-MSI-0000:01:00.0    0-edge      nvidia
 NMI:          0          0          0          0          0          0          0          0          0          0          0          0          0          0          0          0          0          0          0          0   Non-maskable interrupts
 LOC:  264195667   48073990   36669141   32085674   32866504   32170591   32560213   31401845       8167       1459       1155        896       1054       1073       1328       1167   55661588   55696798   55926534   56509096   Local timer interrupts
 SPU:          0          0          0          0          0          0          0          0          0          0          0          0          0          0          0          0          0          0          0          0   Spurious interrupts
 PMI:          0          0          0          0          0          0          0          0          0          0          0          0          0          0          0          0          0          0          0          0   Performance monitoring interrupts
 IWI:       2206     194216       1828       9855       2525       9259       3432       8629          7          4          5          7          5          5          5          4       3743       3062       2867       2600   IRQ work interrupts
 RTR:          0          0          0          0          0          0          0          0          0          0          0          0          0          0          0          0          0          0          0          0   APIC ICR read retries
 RES:     164179     563324     239404     224382     153421     138887     438802     426233      27616      36832      21575      17818      33911      15818      39462      27361   11209833   11181431   11158754   11157367   Rescheduling interrupts
 CAL:     132966     421830     332905     306770     186730     171033     421328     442584      25061      25060      25060      25058      25065      25060      25067      25063   12246442   12551749   12341591   12266884   Function call interrupts
 TLB:      23704      21118      28694      23199      37143      16385      37610      13911          3          3          3          3          3          3          3          3      31338      31024      38148      31742   TLB shootdowns
 TRM:          1          1          1          1          1          1          1          1          1          1          1          1          1          1          1          1          0          0          0          0   Thermal event interrupts
 THR:          0          0          0          0          0          0          0          0          0          0          0          0          0          0          0          0          0          0          0          0   Threshold APIC interrupts
 DFR:          0          0          0          0          0          0          0          0          0          0          0          0          0          0          0          0          0          0          0          0   Deferred Error APIC interrupts
 MCE:          0          0          0          0          0          0          0          0          0          0          0          0          0          0          0          0          0          0          0          0   Machine check exceptions
 MCP:        146        147        147        147        147        147        147        147        147        147        147        147        147        147        147        147        147        147        147        147   Machine check polls
 ERR:          0
 MIS:          0
 PIN:          0          0          0          0          0          0          0          0          0          0          0          0          0          0          0          0          0          0          0          0   Posted-interrupt notification event
 NPI:          0          0          0          0          0          0          0          0          0          0          0          0          0          0          0          0          0          0          0          0   Nested posted-interrupt event
 PIW:          0          0          0          0          0          0          0          0          0          0          0          0          0          0          0          0          0          0          0          0   Posted-interrupt wakeup event
